param NFoods := 64;
param NNutrients := 11;

param caloricMatrix : 
                   1         2         3         4         5         6         7         8         9        10        11 
:= 
         1      73.8         0       0.8      68.2      13.6       8.5         8    5867.4     160.2       159       2.3
         2      23.7         0       0.1      19.2       5.6       1.6       0.6     15471       5.1      14.9       0.3
         3       6.4         0       0.1      34.8       1.5       0.7       0.3      53.6       2.8        16       0.2
         4      72.2         0       0.6       2.5      17.1         2       2.5     106.6       5.2       3.3       0.3
         5       2.6         0         0       1.8       0.4       0.3       0.2        66       0.8       3.8       0.1
         6        20         0       0.1       1.5       4.8       1.3       0.7     467.7      66.1       6.7       0.3
         7     171.5         0       0.2      15.2      39.9       3.2       3.7         0      15.6      22.7       4.3
         8      88.2         0       5.5       8.1       2.2       1.4       9.4      98.6       0.1     121.8       6.2
         9     277.4     129.9      10.8     125.6         0         0      42.2      77.4         0      21.9       1.8
        10     358.2         0      12.3    1237.1      58.3      11.6       8.2    3055.2      27.9      80.2       2.3
        11      25.8         0       0.4      11.1       5.7       1.4         1     766.3      23.5       6.2       0.6
        12      81.4         0       0.5         0        21       3.7       0.3      73.1       7.9       9.7       0.2
        13     104.9         0       0.5       1.1      26.7       2.7       1.2      92.3      10.4       6.8       0.4
        14      15.1         0       0.1       0.5       4.1       0.2       0.2        24         1       3.4       0.1
        15      46.4         0       0.3       3.8      11.3       2.6       0.8       133      74.5      19.8       0.3
        16      61.6         0       0.2         0      15.4       3.1       1.2     268.6      69.7      52.4       0.1
        17        78         0       0.5     151.4      15.1       0.6         3         0         0        21         1
        18        65         0         1     134.5      12.4       1.3       2.2         0         0      10.8       0.7
        19        65         0         1     132.5      11.8       1.1       2.3         0         0      26.2       0.8
        20        81         0       3.3      68.9      12.4       0.6       1.1       2.9       0.1       6.7       0.5
        21      67.2         0       3.1      75.4       9.6       0.5       0.5      35.2       0.9       3.1       0.1
        22      78.1       5.1       4.5      57.8       9.3         0       0.9     101.8         0       6.2       0.4
        23      35.8      10.9       4.1      41.3         0         0         0     152.9         0       1.2         0
        24     112.7      29.4       9.3     173.7       0.4         0         7     296.5         0       202       0.2
        25     149.9      33.2       8.1     119.6      11.4         0         8     307.4       2.3     291.3       0.1
        26     121.2      18.3       4.7     121.8      11.7         0       8.1     500.2       2.3     296.7       0.1
        27      85.5       4.4       0.4     126.2      11.9         0       8.4     499.8       2.4     302.3       0.1
        28      74.5     211.5         5       140       0.6         0       6.2       316         0      24.5       0.7
        29      99.6     211.2       7.3       168       1.3         0       6.7     409.2       0.1      42.6       0.7
        30      56.4      28.1       4.3     248.9       0.3         0       3.9         0         0      23.8       0.4
        31     141.8      27.4      12.8     461.7       0.8         0       5.4         0      10.8         9       0.6
        32      37.1      13.3       1.4     405.1       0.3         0       5.5         0       7.4         2       0.2
        33      80.6      17.4       7.1     279.8       0.6         0       3.4         0       5.5      11.4       0.4
        34     119.6         0       2.6     213.3        23       0.5       1.4      40.6         0       4.8       7.5
        35       111         0       1.8     307.6      19.6         2       4.3    1252.2      15.1      48.6       4.5
        36     110.5         0       0.1     290.5      24.5       0.7       2.3    1252.2      15.1       0.9       1.8
        37     115.1         0       0.7     204.4      27.9         4         4    1250.2         0      12.9      16.8
        38     112.2         0       0.2     340.8      24.8       0.4       1.9    1252.2      15.1         4       1.8
        39     110.8         0       0.1     265.5      21.3       0.7       5.6    1252.2      15.1       8.2       4.5
        40     145.1         0       2.3       2.3      25.3         4       6.1      37.4         0      18.7       1.6
        41     607.2         0       1.5      16.5     128.2         0      17.3         0         0      23.1      47.2
        42       181      14.2         7       267      19.9         0      10.1     281.9       1.6      64.6       0.9
        43     369.4      56.4      20.6       802      26.7         0      20.7       855       2.2     220.6       2.4
        44       275      42.8      10.2     563.9      32.7         0      13.6     126.3       2.6      51.4       2.5
        45     242.1      44.1      14.5     670.3        18         0      10.4         0       0.1      23.5       2.3
        46     100.8         0       0.1       4.5      20.9       1.3       3.4         0         0       7.2       0.3
        47     102.7         0       0.2       0.8      22.3       0.3       2.1         0         0       7.9       0.9
        48      98.7         0       0.5       0.7      19.8       0.9       3.3         0         0       4.9         1
        49     188.5         0        16     155.5       6.9       2.1       7.7         0         0      13.1       0.6
        50     710.8     105.1      72.2      38.4         0         0      13.8      14.7         0      59.9       0.4
        51      49.9      34.1       2.7     121.2         0         0       5.9      53.8         0      91.7       0.7
        52     115.6      35.7       2.1     333.2         0         0      22.7        68         0       3.4       0.5
        53     108.3         0       1.2       1.1      22.1       4.3       3.4      55.6         0       2.8       0.8
        54     139.2         0       9.2     212.6        15       1.2       2.2      61.5       9.6      14.2       0.5
        55       108         0         1     486.2      22.5       0.9       2.6         0         0      10.2       1.2
        56       142         0       7.4     149.7      17.8       1.8         2      55.6         0      43.7       0.4
        57     150.1      12.3       4.6    1862.2      18.7       1.5       7.9    1308.7         0      27.1       1.5
        58     184.8       7.2         4     964.8      26.8       4.1      11.1      4872         7      33.6       2.1
        59     158.1        10       3.8    1915.1      20.4         4      11.2    3785.1       4.8      32.6       2.2
        60     175.7        10         5    1864.9      21.8       1.5      10.9      20.1       4.8      82.8       2.8
        61     170.7         0       3.8    1744.4      33.2         1       4.1      1393       133      27.6       3.5
        62     163.7      22.3       6.6       992      16.6       1.5       9.5     163.7       3.5       186       1.5
        63     203.4      19.8      13.6    1076.3        15       0.5       6.1     153.8       2.2     178.6       0.6
        64       172       2.5       5.9     951.3      22.8       8.6       7.9       888       1.5        81         2;

param lb
:= 
1	2000	
2	0	
3	0	
4	0	
5	0	
6	25	
7	50	
8	5000	
9	50	
10	800	
11	10;

param ub 
:= 
1		2250
2		300
3		65
4		2400
5		300
6		100
7		100
8		50000
9		20000
10		1600
11		30;

param costs := 
1	0.16
2	0.07
3	0.04
4	0.18
5	0.02
6	0.53
7	0.06
8	0.31
9	0.84
10	0.78
11	0.27
12	0.24
13	0.15
14	0.32
15	0.49
16	0.15
17	0.16
18	0.05
19	0.06
20	0.09
21	0.16
22	0.03
23	0.05
24	0.25
25	0.16
26	0.23
27	0.13
28	0.08
29	0.11
30	0.15
31	0.27
32	0.33
33	0.15
34	0.31
35	0.28
36	0.28
37	0.34
38	0.32
39	0.38
40	0.82
41	0.52
42	0.44
43	0.59
44	0.83
45	0.31
46	0.39
47	0.08
48	0.17
49	0.07
50	0.81
51	0.45
52	0.69
53	0.04
54	0.22
55	0.12
56	0.19
57	0.39
58	0.67
59	0.71
60	0.75
61	0.39
62	0.99
63	0.65
64	0.67;

end;